0.0019635 2.51e-05
0.00589049 6.85e-05
0.00981748 0.0001141
0.0137445 0.0001676
0.0176715 0.0002033
0.0215984 0.0002515
0.0255254 0.0002916
0.0294524 0.0003498
0.0333794 0.0004008
0.0373064 0.0004286
0.0412334 0.0004922
0.0451604 0.0005242
0.0490874 0.0005744
0.0530144 0.0006259
0.0569414 0.0006681
0.0608684 0.0007098
0.0647953 0.0007515
0.0687223 0.0008095
0.0726493 0.0008429
0.0765763 0.0009039
0.0805033 0.0009474
0.0844303 0.0009973
0.0883573 0.0010422
0.0922843 0.0010715
0.0962113 0.0011164
0.100138 0.0011864
0.104065 0.0012177
0.107992 0.0012509
0.111919 0.0012988
0.115846 0.0013556
0.119773 0.0013951
0.1237 0.0014469
0.127627 0.0014738
0.131554 0.0015062
0.135481 0.0015488
0.139408 0.0015965
0.143335 0.0016412
0.147262 0.0017026
0.151189 0.0017367
0.155116 0.0017725
0.159043 0.0018409
0.16297 0.0018437
0.166897 0.0019048
0.170824 0.0019524
0.174751 0.0019836
0.178678 0.0020428
0.182605 0.0020506
0.186532 0.0020959
0.190459 0.0021326
0.194386 0.0021959
0.198313 0.0022493
0.20224 0.0022668
0.206167 0.0022917
0.210094 0.0023746
0.214021 0.0023932
0.217948 0.0024348
0.221875 0.0024592
0.225802 0.0025019
0.229729 0.0025219
0.233656 0.0025832
0.237583 0.0026077
0.24151 0.002686
0.245437 0.0027294
0.249364 0.0027072
0.253291 0.002778
0.257218 0.0027587
0.261145 0.0028347
0.265072 0.002867
0.268999 0.0029203
0.272926 0.0029121
0.276853 0.0029722
0.28078 0.0030037
0.284707 0.0030314
0.288634 0.0031186
0.292561 0.0031061
0.296488 0.0031576
0.300415 0.0031511
0.304342 0.003209
0.308269 0.0032247
0.312196 0.0032635
0.316123 0.0033007
0.32005 0.003364
0.323977 0.0033812
0.327904 0.0034097
0.331831 0.003411
0.335758 0.0034895
0.339685 0.0034974
0.343612 0.003519
0.347539 0.0035594
0.351466 0.0035657
0.355393 0.0036074
0.35932 0.0036442
0.363247 0.0036503
0.367174 0.0036672
0.371101 0.0037025
0.375028 0.0037551
0.378955 0.0037335
0.382882 0.0037485
0.386809 0.0038207
0.390736 0.0038085
0.394663 0.0038401
0.39859 0.0038755
0.402517 0.003899
0.406444 0.0039115
0.410371 0.0039701
0.414298 0.0039855
0.418225 0.0040126
0.422152 0.0040438
0.426079 0.0040574
0.430005 0.0040617
0.433932 0.0040632
0.437859 0.0041163
0.441786 0.0041391
0.445713 0.0041494
0.44964 0.0041785
0.453567 0.0041614
0.457494 0.0042275
0.461421 0.0042047
0.465348 0.0042654
0.469275 0.0042448
0.473202 0.0042608
0.477129 0.0043057
0.481056 0.0042687
0.484983 0.0042843
0.48891 0.0043205
0.492837 0.0043463
0.496764 0.0043416
0.500691 0.0043444
0.504618 0.0043731
0.508545 0.0043487
0.512472 0.0043556
0.516399 0.0043822
0.520326 0.0044495
0.524253 0.0044225
0.52818 0.0044536
0.532107 0.0044308
0.536034 0.0044289
0.539961 0.0044801
0.543888 0.0044693
0.547815 0.0044508
0.551742 0.0044993
0.555669 0.0044899
0.559596 0.0045116
0.563523 0.0044908
0.56745 0.0045296
0.571377 0.0045046
0.575304 0.0044907
0.579231 0.0045228
0.583158 0.004485
0.587085 0.0044819
0.591012 0.0045141
0.594939 0.0045241
0.598866 0.0045536
0.602793 0.0045638
0.60672 0.0045319
0.610647 0.0045456
0.614574 0.0045217
0.618501 0.0045126
0.622428 0.0045362
0.626355 0.0045269
0.630282 0.0045153
0.634209 0.0045128
0.638136 0.0045297
0.642063 0.0045046
0.64599 0.0045054
0.649917 0.004516
0.653844 0.0045311
0.657771 0.0045407
0.661698 0.0045284
0.665625 0.0045044
0.669552 0.0044889
0.673479 0.0044809
0.677406 0.0044738
0.681333 0.00448
0.68526 0.0044511
0.689187 0.0045082
0.693114 0.0044575
0.697041 0.004411
0.700968 0.0044228
0.704895 0.0043827
0.708822 0.0043725
0.712749 0.0044054
0.716676 0.0044126
0.720603 0.0043681
0.72453 0.0043907
0.728457 0.0043862
0.732384 0.0043748
0.736311 0.0043542
0.740238 0.0043254
0.744165 0.0042998
0.748092 0.0042846
0.752019 0.0043215
0.755946 0.0042804
0.759873 0.004223
0.7638 0.0042738
0.767727 0.0042166
0.771654 0.0042114
0.775581 0.0041826
0.779508 0.0042111
0.783435 0.004168
0.787362 0.0041525
0.791289 0.0041536
0.795216 0.0041342
0.799143 0.0040785
0.80307 0.0041025
0.806997 0.004062
0.810924 0.0040945
0.814851 0.0040465
0.818778 0.0040077
0.822705 0.0039995
0.826632 0.0039752
0.830559 0.0039898
0.834486 0.0039394
0.838413 0.0039099
0.84234 0.0039274
0.846267 0.0038892
0.850194 0.0038186
0.854121 0.0038494
0.858047 0.0038198
0.861974 0.003805
0.865901 0.0037405
0.869828 0.003727
0.873755 0.0037265
0.877682 0.0037083
0.881609 0.003687
0.885536 0.0036951
0.889463 0.0036332
0.89339 0.0036104
0.897317 0.0035926
0.901244 0.0035446
0.905171 0.003551
0.909098 0.0035031
0.913025 0.0035083
0.916952 0.0034533
0.920879 0.0033965
0.924806 0.0034169
0.928733 0.0033665
0.93266 0.003352
0.936587 0.0033279
0.940514 0.0032895
0.944441 0.0032929
0.948368 0.00324
0.952295 0.0031968
0.956222 0.0031825
0.960149 0.003196
0.964076 0.0031665
0.968003 0.0031203
0.97193 0.0030903
0.975857 0.0030495
0.979784 0.0030325
0.983711 0.0029887
0.987638 0.0030006
0.991565 0.0029327
0.995492 0.0029185
0.999419 0.0029125
1.00335 0.0028782
1.00727 0.0028301
1.0112 0.0028164
1.01513 0.0027755
1.01905 0.0027853
1.02298 0.0027273
1.02691 0.0026836
1.03084 0.0026712
1.03476 0.0026559
1.03869 0.0026159
1.04262 0.0025699
1.04654 0.0025471
1.05047 0.002505
1.0544 0.0024934
1.05832 0.0024774
1.06225 0.0024407
1.06618 0.0024017
1.0701 0.0023786
1.07403 0.0023236
1.07796 0.0023127
1.08189 0.0022983
1.08581 0.0022605
1.08974 0.0022298
1.09367 0.0021869
1.09759 0.0021818
1.10152 0.0021624
1.10545 0.0021172
1.10937 0.0020949
1.1133 0.0020553
1.11723 0.0020381
1.12116 0.0019838
1.12508 0.001957
1.12901 0.0019408
1.13294 0.001916
1.13686 0.0019153
1.14079 0.0018695
1.14472 0.0018413
1.14864 0.0018017
1.15257 0.0017914
1.1565 0.0017504
1.16043 0.0017438
1.16435 0.0016852
1.16828 0.0016555
1.17221 0.0016592
1.17613 0.0016091
1.18006 0.0016076
1.18399 0.0015495
1.18791 0.001511
1.19184 0.001507
1.19577 0.0014722
1.1997 0.0014599
1.20362 0.0014196
1.20755 0.0013737
1.21148 0.0013683
1.2154 0.0013425
1.21933 0.0013353
1.22326 0.0012914
1.22718 0.001261
1.23111 0.0012426
1.23504 0.0012051
1.23897 0.0011707
1.24289 0.0011831
1.24682 0.0011205
1.25075 0.0010965
1.25467 0.001074
1.2586 0.0010605
1.26253 0.0010393
1.26645 0.000997
1.27038 0.0009716
1.27431 0.0009563
1.27824 0.000927
1.28216 0.0009178
1.28609 0.0008742
1.29002 0.0008642
1.29394 0.0008474
1.29787 0.0008267
1.3018 0.0007929
1.30572 0.0007724
1.30965 0.0007618
1.31358 0.0007289
1.31751 0.0007284
1.32143 0.0007044
1.32536 0.0006775
1.32929 0.0006572
1.33321 0.0006423
1.33714 0.0006239
1.34107 0.000599
1.34499 0.0005906
1.34892 0.0005549
1.35285 0.000535
1.35678 0.0005263
1.3607 0.000502
1.36463 0.000482
1.36856 0.0004578
1.37248 0.00045
1.37641 0.0004231
1.38034 0.0004211
1.38426 0.0004041
1.38819 0.0003988
1.39212 0.0003558
1.39605 0.0003507
1.39997 0.0003333
1.4039 0.0003112
1.40783 0.0003037
1.41175 0.0002939
1.41568 0.000283
1.41961 0.0002645
1.42353 0.0002415
1.42746 0.0002391
1.43139 0.000235
1.43532 0.0002131
1.43924 0.0002011
1.44317 0.0001874
1.4471 0.0001701
1.45102 0.0001718
1.45495 0.000159
1.45888 0.0001403
1.4628 0.0001388
1.46673 0.0001285
1.47066 0.0001162
1.47459 0.0001012
1.47851 9.91e-05
1.48244 8.94e-05
1.48637 9.08e-05
1.49029 7.6e-05
1.49422 7.49e-05
1.49815 6.03e-05
1.50207 5.29e-05
1.506 4.81e-05
1.50993 4.65e-05
1.51385 3.77e-05
1.51778 3.37e-05
1.52171 2.86e-05
1.52564 2.4e-05
1.52956 2.01e-05
1.53349 1.54e-05
1.53742 1.27e-05
1.54134 1.01e-05
1.54527 8.5e-06
1.5492 5.3e-06
1.55312 3.3e-06
1.55705 2.3e-06
1.56098 1e-06
1.56491 1e-07
1.56883 0
